BLOCK
1.0
4.0
30.0
20.0
0
30.0
20.0
BOARD
BLOCK
1.0
1.0
1.0
1.0
0
0
0
3.1
HOLE
BLOCK
29.0
1.0
1.0
1.0
0
0
0
3.1
HOLE
BLOCK
1.0
19.0
1.0
1.0
0
0
0
3.1
HOLE
BLOCK
29.0
19.0
1.0
1.0
0
0
0
3.1
HOLE
BLOCK
3.5
3.5
1.0
3.0
0
0.5
0
2.5
CIRCLE
0
0
1.5
HOLE
1
0
1.5
HOLE
BLOCK
3.5
16.0
1.0
3.0
0
0.5
0
2.5
CIRCLE
0
0
1.5
HOLE
1
0
1.5
HOLE
BLOCK
9.5
3.5
1.0
3.0
0
0.5
0
2.5
CIRCLE
0
0
1.5
HOLE
1
0
1.5
HOLE
BLOCK
15.5
3.5
1.0
3.0
0
0.5
0
2.5
CIRCLE
0
0
1.5
HOLE
1
0
1.5
HOLE
BLOCK
9.5
16.0
1.0
3.0
0
0.5
0
2.5
CIRCLE
0
0
1.5
HOLE
1
0
1.5
HOLE
BLOCK
15.5
16.0
1.0
3.0
0
0.5
0
2.5
CIRCLE
0
0
1.5
HOLE
1
0
1.5
HOLE
BLOCK
9.5
9.5
1.0
3.0
0
0.5
0
2.5
CIRCLE
0
0
1.5
HOLE
1
0
1.5
HOLE
BLOCK
12.0
9.5
1.0
3.0
1
0
0
1.5
HOLE
0
3
1.5
HOLE
-0.5
0.5
1
2
TRACE
BLOCK
17.0
8.0
1.0
3.0
1
0
0
1.5
HOLE
0
3
1.5
HOLE
-0.5
0.5
1
2
TRACE
BLOCK
21.5
17.0
1.0
3.0
1
0
0
1.5
HOLE
0
3
1.5
HOLE
-0.5
0.5
1
2
TRACE
BLOCK
15.5
12.5
1.0
3.0
1
0
0
1.5
HOLE
0
3
1.5
HOLE
-0.5
0.5
1
2
TRACE
BLOCK
20.0
19.0
1.0
3.0
1
0
0
1.5
HOLE
0
1
1.5
HOLE
0
2
1.5
HOLE
0
3
1.5
HOLE
0
4
1.5
HOLE
0
5
1.5
HOLE
BLOCK
18.0
6.0
2.0
1.0
0
0
0
"+
TEXT
BLOCK
19.5
16.0
1.0
3.0
1
0
0
1.5
HOLE
0
3
1.5
HOLE
-0.5
0.5
1
2
TRACE
BLOCK
7.0
11.5
1.0
3.0
0
0
0
4.1
HOLE
BLOCK
7.0
7.5
1.0
3.0
0
0
0
4.1
HOLE
BLOCK
15.0
9.55
1.0
1.0
0
0
0
6.6000004
-0.10000038
LINE
BLOCK
11.95
9.45
1.0
1.0
0
0
0
-1.3999996
0.10000038
LINE
BLOCK
19.45
15.95
1.0
1.0
0
0
0
-2.9000015
0.0
LINE
BLOCK
20.1
7.95
1.0
1.0
0
0
0
3.1000004
2.1500006
LINE
BLOCK
17.0
7.95
1.0
1.0
0
0
0
-0.45000076
-4.45
LINE
BLOCK
15.5
12.45
1.0
1.0
0
0
0
-5.25
3.8000002
LINE
BLOCK
15.45
12.5
1.0
1.0
0
0
0
-2.0
-1.5500002
LINE
BLOCK
13.6
10.9
1.0
1.0
0
0
0
-3.0500002
-7.45
LINE
BLOCK
3.55
3.6
1.0
1.0
0
0
0
-0.049999952
12.449999
LINE
BLOCK
9.35
9.45
1.0
1.0
0
0
0
-5.8500004
-0.05000019
LINE
BLOCK
3.6
9.35
1.0
1.0
0
0
0
6.0000005
-5.8
LINE
BLOCK
3.55
9.3
1.0
1.0
0
0
0
6.05
6.7
LINE
BLOCK
17.05
1.25
1.0
1.0
0
0
0
-1.5999994
2.15
LINE
BLOCK
15.3
3.35
1.0
1.0
0
0
0
-4.0
-1.3499999
LINE
BLOCK
11.3
1.95
1.0
1.0
0
0
0
-1.6999998
1.55
LINE
BLOCK
9.35
15.85
1.0
1.0
0
0
0
1.0499992
1.25
LINE
BLOCK
10.35
17.0
1.0
1.0
0
0
0
5.1499996
-1.1499996
LINE
BLOCK
21.5
11.0
4.0
3.0
0
-1
-0.75
5
4.5
TRACE
0
0
1.5
HOLE
1
0
1.5
HOLE
2
0
1.5
HOLE
3
0
1.5
HOLE
0
3
1.5
HOLE
1
3
1.5
HOLE
2
3
1.5
HOLE
3
3
1.5
HOLE
BLOCK
19.3
14.0
1.0
1.0
0
0
0
2.1500015
0.0
LINE
BLOCK
23.55
10.95
1.0
1.0
0
0
0
-0.25
-0.9499998
LINE
BLOCK
22.5
10.9
1.0
1.0
0
0
0
-1.0499992
-1.4499998
LINE
BLOCK
24.55
17.0
1.0
1.0
0
0
0
0.050001144
-2.9499998
LINE
BLOCK
21.35
16.9
1.0
1.0
0
0
0
0.14999962
-3.0499992
LINE
BLOCK
18.6
12.4
1.0
1.0
0
0
0
4.6499996
0.70000076
LINE
BLOCK
23.25
13.1
1.0
1.0
0
0
0
0.25
0.8499994
LINE
BLOCK
22.4
16.2
1.0
1.0
0
0
0
0.14999962
-2.2000008
LINE
BLOCK
26.5
13.0
1.0
3.0
0
0
0
1.5
HOLE
0
1
1.5
HOLE
-0.25
0.25
0.5
0.5
TRACE
BLOCK
24.55
17.05
1.0
1.0
0
0
0
1.9500008
-3.0499992
LINE
BLOCK
19.0
5.0
1.0
3.0
0
5.22
0
9
CIRCLE
-1.18
-1.37
2.36
2.76
TRACE
0
0
1.5
HOLE
8
0
1.5
HOLE
BLOCK
27.0
4.95
1.0
1.0
0
0
0
-0.54999924
7.75
LINE
BLOCK
19.35
14.05
1.0
1.0
0
0
0
-0.45000076
-8.950001
LINE
BLOCK
18.9
5.1
1.0
1.0
0
0
0
0.0
0.0
LINE
BLOCK
21.4
10.95
1.0
1.0
0
0
0
5.6000004
-6.1
LINE
BLOCK
17.05
1.15
1.0
1.0
0
0
0
9.85
3.75
LINE
BLOCK
16.4
15.85
1.0
1.0
0
0
0
-11.95
-12.400001
LINE
BLOCK
16.5
3.5
1.0
1.0
0
0
0
-12.0
12.6
LINE
BLOCK
6.95
7.45
1.0
1.0
0
0
0
20.099998
-2.5499997
LINE
BLOCK
7.05
11.45
1.0
1.0
0
0
0
17.5
5.500001
LINE
